dofile("/Users/brooksorradre2/Documents/marketing brain/brands/motilli/creative/MOT-UGC-YAPPER-01/edit/production-v18/get-source-properties.lua")
PROPS0	1	1	0	0	0	0	0	0	
PROPS97	1	1	0	0	0	0	0	0	
PROPS502	0.66666666666667	0.66666666666667	0	0	0	0	0	0	
PROPS675	1	1	0	0	0	0	0	0	
PROPS847	1	1	0	0	0	0	0	0	
PROPS1013	1	1	0	0	0	0	0	0	
PROPS1331	0.66666666666667	0.66666666666667	0	0	0	0	0	0	
PROPS1425	1.105	1.105	0	0	0	0	0	0	
PROPS1527	1	1	0	0	0	0	0	0	
PROPS1881	1	1	0	0	0	0	0	0	
PROPS1986	1	1	0	0	0	0	0	0	
PROPS2803	1	1	0	0	0	0	0	0	
PROPS3166	1	1	0	0	0	0	0	0	
PROPS3436	1	1	0	0	0	0	0	0	
PROPS3610	0.49382716049383	0.49382716049383	0	-200	0	0	0	0	
PROPS4197	0.66666666666667	0.66666666666667	0	-279.65993623804	0	0	0	839	
PROPS4534	0.20844409002304	0.20844409002304	0	-200	0	0	0	0	
PROPS4619	0.66666666666667	0.66666666666667	0	-280	0	0	0	840	
PROPS4814	0.20844409002304	0.20844409002304	0	-200	0	0	0	0	
PROPS5038	0.37037037037037	0.37037037037037	0	-200	0	0	0	0	
PROPS5838	0.49382716049383	0.49382716049383	0	-200	0	0	0	0	
PROPS6101	1	1	0	0	0	0	0	0	
PROPS6354	1	1	0	0	0	0	0	0	
PROPS6753	1	1	0	0	0	0	0	0	
PROPS7091	1	1	0	0	0	0	0	0	
PROPS7256	1	1	0	0	0	0	0	0	
VOICE_RENDERTimeTakenToRenderInMs	4133	
VOICE_RENDERJobStatus	Complete	
VOICE_RENDERCompletionPercentage	100	

